[구역일반사항]	
구역명	신현구역            
계통명	신현계통            
보고서번호	Dr.Pipe검증 1차    

[참고사항]	

[구역내시설정보]	
배수관로연장	7
급수전수	319
가정용가구수	55
비가정용가구수	410
총가구수	465

[표고]	
유입지점	3.9
평균수압지점	2.1
임계지점	2.5

[최소최대유량시간]	
최소유량시작시간	1
최대유량시작시간	2

[최소허용수압]	
최대유량시	15
야간시간	15

[수행자]	
자료수집자	최종섭             
해석수행자	최종섭             

[대수용가현황]	
대수용가1	10000		
덕진	4585		

[계통내누수매개변수]			
20	40	100	0
1	3	6	0.5
0.5	1	1.5	0.5

[야간최소유량기간중단위사용량]			
가정야간사용량	1.7		
비가정야간사용량	8		
예외적야간사용량반영율	50		
추정된일일비가정총소비량	345		
계통내통합N1	1		

[N1값계산]			
현재N1값	1				
0		64	52	36	72
2:00	2:30	51	42.6	31	61.2
3:00	3:30	45	38	29	56.2
4:00	4:30	40	34	26	53.7

[유량수압데이타]					
77.4	64.92	60.62	60.22		
71.3	65.26	63.36	62.96		
67.6	65.65	62.85	62.45		
60.5	65.93	64.73	64.33		
60.28	65.81	63.71	63.31		
62.1	65.22	63.52	63.12		
75.8	63.53	62.03	61.63		
78.6	64.43	60.03	59.63		
90.1	63.92	58.22	57.82		
95	63.39	55.89	55.49
99.4	62.67	53.37	52.97
102.8	63.41	53.91	53.51
105.2	62.71	55.11	54.71
109.6	63.48	53.98	53.58
99.3	63.82	56.02	55.62
100.6	63.96	57.76	57.36
97.3	63.9	59.4	59
98.5	63.73	59.13	58.73
100.1	63.76	57.86	57.46
106.6	62.72	55.12	54.72
104.5	62.1	56.5	56.1
109.6	62.42	57.32	56.92
97.8	63.67	59.17	58.77
91.2	64.75	61.35	60.95

[고정유출]	
PRV유출부수압	20

[시간제어1]	
20	
20	
20	
20	
20	
20	
20	
30	
30	
30	
30	
30	
30	
30	
30	
30	
30	
30	
20	
20	
20	
20	
20	
20	

[유량제어]	
임계지점목표수압	15

[결과요약]		
변동비	400	
평균요금	656	
승수	100	
가정용소비량중비율	10	
비가정용소비량중비율	2	
소비량수정에대한N1값	0.5	

[고정비용]		
3000	3000	3000
2000	10	10
4000	10	10
2000	2000	2000
